100
2
100000 100000
-100000 -100000
10
-4 -5
-71 -62
-20 93
70 39
-26 -55
-46 81
52 -56
42 -22
-24 -97
-6 -79
8
-29 59
-69 58
-42 -7
-87 -74
50 81
47 -8
18 -18
71 69
14
11 -100
-69 -28
38 59
-35 84
-70 53
41 61
-20 14
-74 74
-73 -57
-20 54
76 73
69 -33
-61 -22
51 -40
10
16 -91
17 -15
-4 57
57 -89
-23 58
-54 19
33 36
-28 -51
-18 -72
63 2
6
-65 -63
4 96
32 56
-87 -14
84 -76
6 -5
12
51 63
57 88
-49 -89
-32 48
17 74
-93 -94
-3 -41
-65 39
-29 9
-49 20
9 76
90 -43
2
-16 1
1 95
16
-46 22
74 83
73 60
-5 -77
-25 -39
95 -25
-91 63
62 27
-41 -23
-7 40
-12 -10
-13 71
2 -85
91 9
76 91
8 58
8
28 -15
45 -31
-18 -80
-78 54
-31 36
-1 91
-26 71
-18 -72
6
-29 52
-16 23
1 84
85 -81
75 -66
-53 69
20
-98 34
18 -24
-100 87
-93 33
76 -7
-77 19
-70 40
-27 -6
92 1
-59 45
-7 42
60 5
97 69
54 74
43 -14
-25 -8
99 -33
2 -91
-90 25
-9 -95
8
35 -65
95 -98
-28 98
-71 -33
-98 -53
0 18
100 64
32 1
8
78 51
58 -79
65 5
-80 98
-85 60
-54 55
75 95
67 29
4
-60 -47
-41 97
-7 6
100 -7
12
25 72
53 45
60 100
7 67
-98 -48
35 55
-88 92
31 57
84 -43
-45 97
75 -83
-87 70
12
25 -37
-89 13
22 87
-35 87
100 63
-99 -37
7 39
84 60
-89 -69
39 19
41 59
9 -79
14
61 -45
43 -22
10 3
-18 -4
-16 -5
48 -22
93 13
43 30
-4 69
-41 -13
-55 -19
-71 -36
-64 -78
52 -89
8
12 56
65 83
-1 93
90 58
35 -74
-17 26
4 -7
88 98
20
-100 -78
95 -47
-11 51
5 0
96 29
20 15
-48 8
27 34
66 -68
31 67
1 97
-42 -3
-28 -87
48 -4
-68 -41
2 50
-86 98
-68 50
37 -96
12 -75
4
-100 -99
-70 -84
-86 56
13 26
18
-39 9
95 82
-76 89
-46 8
-92 -85
-20 33
-6 -38
-34 29
-80 -17
-99 -67
-25 -45
48 -77
51 5
78 -77
16 50
-74 -4
-8 -60
-11 68
18
-82 -61
48 -89
-97 -71
-73 62
-47 91
-25 -13
24 25
39 -69
-67 17
54 10
68 -10
56 -52
51 77
35 -10
93 29
58 50
-70 93
59 -54
16
-36 -38
74 -11
-57 -8
-78 64
-7 -67
10 -21
-78 100
-74 -1
-100 -40
49 78
-18 8
-18 -30
-60 17
-18 -66
-17 98
-25 -11
12
-56 -94
-73 -45
-3 96
-57 -87
39 -61
-78 -40
-12 91
-90 18
-55 52
26 -56
-42 -6
-35 -76
16
-38 66
33 73
13 56
-77 61
-66 -79
-81 -58
-38 -56
-94 95
42 83
90 -99
57 -87
-3 34
-42 45
-9 17
-22 8
54 -27
6
49 84
-34 -4
-81 45
-84 96
-52 12
72 43
10
74 -55
-51 62
80 54
-5 18
-77 65
84 -78
-60 -94
73 15
31 -24
16 31
18
91 32
-5 51
-82 24
-93 58
-24 -34
32 73
-87 -27
-42 -14
61 48
88 59
-66 22
-33 27
-7 29
25 40
-62 -85
-3 -57
49 -26
4 86
20
21 -12
-59 95
65 -13
28 43
-74 5
-61 81
-56 -6
-91 -19
7 -41
96 -93
16 -92
71 -24
48 71
-71 61
37 -16
-9 -90
-71 -52
64 -99
-20 -57
-13 59
6
16099 -36355
-41207 -92306
46879 28624
-16840 73562
25223 70018
2132 -23505
2
97139 31729
-45185 26849
16
-2796 63498
-91394 37620
69861 40502
63355 -17491
62266 97675
20978 -10230
77038 -34511
47269 -36646
-62 34499
-4777 10900
-61576 89431
69144 -69978
85113 45655
90710 -83171
-52112 93593
84957 5560
16
79619 25160
74483 -6929
76997 -61495
50502 -37229
60533 94644
-44224 1525
-79628 -81977
85400 -60208
23352 -80278
81345 16099
68445 29796
-46913 81330
9599 -90239
-42873 48739
85926 -81355
-38718 22730
12
-31916 31354
41370 14179
44405 35734
35137 58861
51961 -54671
27338 -51792
77149 90086
-42378 -17799
-23500 -77710
51444 12361
20547 29778
-81502 -14436
20
99334 -9341
63758 -93366
6509 88989
-10970 -35251
53297 -96080
67384 -96487
-78158 84931
-1327 51954
23837 -97760
-84056 -4278
-89055 5542
55916 -69669
64276 11032
-80091 -87807
15622 35746
43951 87937
-43299 -81814
-50533 832
-85592 30999
68921 38394
14
29696 -65679
9638 8448
95188 64021
-82787 5740
-77232 40758
90128 -57414
-6210 -59687
11544 -76248
13201 62824
12393 80166
-73712 67628
-35483 -72223
8455 80194
20896 24072
16
-34752 31997
-81664 -56022
19324 -77083
-78158 -88752
-23337 -22038
-80131 74472
-78662 38754
8815 79564
-99229 39527
-18220 18621
95553 -16216
52737 -89235
-89284 -91717
-72040 -77800
57226 20905
12051 -10345
10
89123 49687
-50550 -40871
16713 -63663
76741 -82735
19166 -91523
87356 -35626
-77267 3892
29009 44228
12291 37434
-75343 -44903
20
93025 94596
20913 -99043
88895 -65980
-31183 -80900
-95373 65107
26792 -73096
-49322 68528
-37910 82454
-69215 37909
-90873 -69331
-63867 8543
98355 -71542
11028 -53948
8679 77060
28520 -67096
67416 -4640
-13787 -79451
-81701 37914
30800 -7007
66404 50910
16
38160 55248
29293 91954
-70758 45849
-56135 72445
-19388 76585
-68229 37104
-20766 38044
41237 -71027
-13713 60509
72753 -77538
-60252 19414
-58573 -85178
11700 86518
10350 2888
88891 -2969
-50446 52374
14
-69357 -24776
-85719 28094
77298 81065
26678 17947
-26453 -40411
-3602 11409
-48801 49069
70509 -1284
59926 22086
26130 83655
-9322 93076
10553 55604
5994 -99900
-99523 27240
14
96541 -92027
-78833 64211
9092 -27793
26572 56836
-5842 9419
47492 -37581
-56750 -21065
-46339 9108
-37118 -21101
44709 -95898
-89487 -97976
94715 -73273
-16559 15236
-61583 -67269
6
-49254 -2967
-78470 48105
66010 -95584
-53359 -2217
-18750 76775
-78114 20244
12
-45366 -37119
15056 -98784
-93626 71035
60831 -32343
10873 -18251
84152 -13519
-14780 -41421
20425 -7314
-64601 -43159
-20417 57947
23779 59160
53044 -79077
6
-86584 28969
-82520 -96743
60516 93453
24550 -80565
4475 -5718
23010 24005
18
3200 32188
45987 29419
5931 98760
-35721 13491
-5021 19014
-33459 93743
-64662 -97685
60254 60937
-19339 89845
-41929 -16736
-56131 59663
-13121 7599
-84108 -94647
23489 -17508
87455 46636
-67702 33401
-86337 -95012
78695 -34201
16
-26328 10414
31988 -20001
-68559 -16463
-78074 56954
-63070 7129
-61611 -95313
-38155 -87918
29550 90974
-1785 -18664
-18761 -13453
-34946 68696
3453 -69868
-67051 -96782
50326 -85548
-93961 3793
51335 -80423
2
87437 -91277
26454 -4176
16
10363 -88766
15751 81718
-31078 45419
-20414 -58392
-71888 48169
-41654 43841
-69180 -97658
96041 73238
-97479 71483
-94573 82804
-61803 -26819
11161 -9693
-28883 -50686
-98786 -68765
-12007 28373
64086 -78626
18
63318 -79412
-14071 -11251
45750 39195
97541 44599
66598 28258
30392 -15688
9831 3729
21992 10257
13532 -55855
-19477 60700
-20216 41129
58164 37547
82081 84575
-55873 -23252
-45851 -7884
-26567 28223
-43193 85343
-63710 -88097
10
33192 97757
-16684 1370
-89864 -85960
56335 -40583
67894 -23317
86220 3083
-25346 -71473
-67586 -87171
-49700 4485
-8797 34545
8
47963 -6972
29504 -6354
27256 74783
96965 -16745
66837 85964
65780 73155
91785 22916
51657 90123
8
-39228 -20158
-37267 57692
23952 43125
26777 94040
92394 94702
25349 19767
99193 -69204
89871 -11883
16
92850 -44106
14438 -85042
1212 -42564
-93791 78895
37765 13887
-5699 -69937
-27605 10068
-13470 -79906
-91658 9858
73699 -21487
-37800 -33226
19113 83799
37390 -90934
61251 -48030
-43544 22047
3295 58789
2
46084 29114
-85795 23342
16
-28041 -42687
82251 -83382
38656 -57546
47798 -90096
-4521 51150
43371 7975
33119 75510
-92646 -82085
81127 -14811
59202 6199
-13928 -73244
-7682 -21371
-90746 -61461
27712 -44815
78730 2198
-49389 16718
18
-90703 24974
81512 -87094
-73206 -14909
74848 -16856
-6019 97795
-20200 47663
46481 48439
-77734 -14044
-9833 70297
-41106 -4480
20811 -38884
10905 -33895
24742 90424
-25684 -14526
-49399 61856
-10427 -88259
-67254 40260
-2049 -71984
12
20679 -84265
-19008 51778
64772 24529
88330 40703
5210 -19001
-45444 -96265
43563 -95321
-30317 -29965
-22884 52841
-17720 20270
93222 47606
-39133 -26357
18
-32291 -298
53150 2283
-25478 -23816
95250 -39278
-41997 30351
-12696 3365
-54249 64666
92994 23564
-35713 -99327
54581 9796
-33903 -12813
89353 40741
-53127 42574
-78625 -47797
34903 -10289
65114 93181
-38181 73537
69659 -84459
4
34714 19478
76659 88117
65739 87913
-18123 -13022
20
90956 31490
-60791 67050
37017 77926
31710 9685
8500 -99463
-92054 64791
-36412 83526
-89020 -82411
-27888 -98233
88157 82782
-35251 -7304
56792 31200
-12486 81490
-19509 -51139
71831 30559
-66028 98033
-18499 79583
-81364 -38375
-44068 -24995
90302 -57633
2
-51155 75873
-11968 -64009
16
77870 63691
-6183 41000
41346 46379
-93483 503
53658 68913
79049 6558
80660 31453
81805 42923
61416 55811
-50239 -7022
-32651 65143
-66229 -68745
95938 -42048
-14069 -20038
-84419 81241
-2997 15463
10
-61 60032
64432 36841
-22633 -19652
-80077 41885
96024 45503
17331 84335
27752 43523
847 64111
97908 40289
-13459 15748
10
73484 12958
38859 -4857
-60348 29593
88478 59093
31161 -73822
-89006 -66055
-5223 51722
36649 -25612
93492 -45669
-93638 94552
16
-90580 -70833
59367 -22765
-72461 -33832
43301 20513
95519 95088
-16637 -4132
94092 -12735
66450 96225
-5708 3556
46219 -52046
-94778 34583
78030 -69981
-28188 -82909
-27299 -4153
13930 -80645
79701 75082
18
-88181 -30232
65550 -55966
80060 -13325
95622 -74577
1807 -60303
93664 -39647
-6860 -21599
51914 -16173
79146 15645
72028 -81786
-54910 -42280
-35790 276
57084 -85816
-82796 -82111
-51037 -36255
-71240 -7003
-36759 -43997
-85087 70261
6
-22074 -78609
-11488 -82932
-75315 92197
18520 -51288
-72535 -48302
-43184 79351
8
87069 -22569
9651 96726
-47797 -85085
-85518 58350
30045 -99478
58764 -52217
91365 97535
-6412 -88972
10
45577 74733
-25635 -18159
-84560 -61552
76428 56363
-49651 7740
-8593 -67848
87275 -79400
-84754 78684
69087 30676
23686 3299
8
-20571 -12725
-9418 16976
-17883 -82745
-8408 -4020
-96784 88844
65621 -12425
26463 -31668
42057 72249
6
76703 -24905
75605 63727
85212 -50083
35184 -527
-52768 -23000
-19935 64787
10
73689 -19190
62614 31548
44611 -95400
87365 49398
-15747 -63377
53149 86821
40223 25779
-46923 45712
-74635 -63946
-73965 -7524
12
-37583 94247
86358 86895
-59112 40267
-90951 85631
2418 -52175
-75414 57402
-50328 60754
68626 -43118
-42256 -9634
-45920 66969
-31761 34052
60213 -60718
12
17771 -31255
-54113 51793
92050 51856
7163 -26915
-3353 -81664
-35471 -23824
25356 30621
35673 -29263
-24447 78528
-63764 65261
-34633 -19823
-91640 -37456
18
-77228 -23121
-71470 -90122
22455 -92913
13695 -32026
-66715 -33288
19571 34501
-83507 -26498
-16691 -66129
-83053 58617
-17790 94409
98975 20991
-30825 4358
29091 -44748
72788 -24907
-50327 -68577
30206 -94600
67876 18211
84452 -29885
18
-44674 -70592
-58764 -33722
10201 -56469
89021 -78168
-95749 -86692
-58701 -64419
41191 49481
96503 71614
-6768 95407
88414 67322
95738 -45796
-71234 65039
20771 -92767
91999 37999
-49612 -57583
-65047 94242
-23296 41780
-60273 80500
2
-48621 -94909
36102 -15866
10
68542 -62156
21910 -69592
-90384 -30408
-93271 -9571
-75829 53415
-84484 -78493
81531 94739
17760 -77113
-95512 -46238
53080 99262
10
40133 -10776
40980 -51967
37096 35090
99954 -48845
-98425 58738
91940 -44621
-72856 -58414
-22722 -92332
-39233 78584
62775 -51204
4
82171 -9441
34115 -90333
-2749 -9444
-38627 -60222
20
17515 -45654
50476 1450
-49842 -87539
1577 62742
69421 -70673
91284 -99757
77887 27730
-46498 -95791
35350 -49114
-99017 -41383
62881 -39644
92170 -836
-61570 -72811
-71911 13219
-64539 1109
59436 49589
-83640 26502
50585 -82469
-16787 -35335
-44504 2119
16
66327 -79601
75425 -42826
43215 -50542
-73065 69904
-30674 13763
82396 -32455
18786 -53144
-97390 1282
77964 21586
-24795 -70555
4289 44357
-13333 9185
-8164 -36183
-29412 79764
33855 86589
11113 91478
12
-82866 -2816
-20032 64345
-90968 -51952
9220 21074
94291 74057
-78116 -68615
-22172 -17401
-16400 -72541
99738 -96699
-27380 -37387
-85252 -97462
37074 90899
6
6457 24199
-91103 61735
-79376 84479
-95845 88289
-37835 71977
-47566 -2943
10
13156 -14373
-89383 -77102
-30621 -32025
-37969 5509
-27220 59918
-59375 -66776
-25790 7147
45063 93656
-43018 34291
-26986 -40897
16
-26928 56601
66396 56430
46591 78260
42312 8882
71932 -44019
-87211 18899
-90285 20804
64695 -51759
-56142 10313
84469 -25033
-62625 47421
34565 77741
-37387 -24265
-7389 14489
-31914 -68647
-17529 90007
4
92881 -94602
63360 -38468
-76292 -28418
96831 85595
20
44261 12071
-57299 -12199
31928 -91948
24582 -42306
-29472 -34183
71994 -28460
43217 13811
17914 -87225
83068 22846
28856 -23946
99558 73239
52133 82133
-17157 10787
-5014 50017
-43004 5066
-55613 26481
-57301 54020
-87234 -95555
-50687 -54115
74748 -53166
20
-15930 -58072
-35320 91539
-14248 -90702
-50870 -35697
-68076 -14443
23458 -905
-34858 86767
-87608 54392
31209 71211
-61110 -3253
21112 73044
-89006 -58847
49615 -8566
2762 -52956
82166 -62314
-8030 -52252
35479 -50043
-37779 65062
-98089 -31901
2739 -26517
8
4182 18976
89666 33087
6122 17558
62786 87154
-9017 46826
-94570 -85203
11610 32212
-79413 -72544
10
-68125 7722
-45479 -15722
31234 -12141
47637 -34312
-5755 -38226
75498 -28765
70320 -23211
-49274 -43528
12333 7269
94560 5321
10
87909 68153
-30895 -12854
-85824 -81504
69865 -11729
-45958 26915
-10056 -2811
44914 40491
35679 41998
14856 -20001
-69228 94027
12
-24673 28939
-33069 15989
-44370 -6314
17882 -56108
-52683 -16573
-28311 76332
-25945 -74923
59108 -44884
-47322 -50387
9163 -92987
-30029 -43044
83348 1730
16
-87384 24830
59620 82493
84654 21424
-61916 -92552
-98887 -63785
-58903 60127
-18099 -4323
-25706 80330
-45081 -42412
-53188 55544
-10288 -39947
-92905 -7009
51785 -22040
-1418 32582
-8580 10900
87360 -79316
6
-61919 70531
45038 -86924
-46846 -16050
-87275 -47119
-82432 -85853
67963 -45742
2
20023 -51999
-1900 32326
8
55668 -12790
-1935 -65695
29468 -8124
17370 82792
45366 42495
-41503 -58035
-56269 -50563
-79683 53015
14
2680 -31265
50407 -98372
-24255 -13255
-25488 5808
-3115 21190
26335 -88519
19488 -61140
-34604 494
-4058 50704
88957 22975
-51938 -50558
-77306 -44649
13943 -75650
46391 -53526
